 We force_max Ec El
0 1 5.664229954566442 0.1 0.1
1 1 6.2164110633268095 0.5 0.5
2 1 6.8218144476303575 1.0 1.0
3 1 10.445660053502952 5.0 5.0
4 1 41.847719229828776 150.0 150.0
5 1 13.663636528474145 10.0 10.0
6 1 18.205393907869738 20.0 20.0
7 1 21.51850520037448 30.0 30.0
8 1 24.216184652026296 40.0 40.0
9 1 26.58888790361415 50.0 50.0
10 1 28.68480821844056 60.0 60.0
11 1 30.56302971434168 70.0 70.0
12 1 32.299773589079024 80.0 80.0
13 1 33.919773416814834 90.0 90.0
14 1 35.356395401367706 100.0 100.0
15 1 47.07079565600406 200.0 200.0
16 1 55.40177207855724 300.0 300.0
17 1 62.201740753272695 400.0 400.0
18 1 68.15156735198975 500.0 500.0
19 1 73.24833943351955 600.0 600.0
20 1 77.86276246699134 700.0 700.0
21 1 82.03316881076708 800.0 800.0
22 1 85.88202637046385 900.0 900.0
23 1 89.44538091779101 1000.0 1000.0
24 1 5.519593492789404 0.01 0.01
25 1 5.5030847313940745 0.001 0.001
26 1 5.501113536003597 0.0001 0.0001
27 1 117.3869030983577 2000.0 2000.0
28 1 137.67148926417153 3000.0 3000.0
29 1 153.29887992053432 4000.0 4000.0
30 1 167.30101997743986 5000.0 5000.0
31 1 179.04540211396562 6000.0 6000.0
32 1 189.61519819718453 7000.0 7000.0
33 1 201.11712330068048 8000.0 8000.0
34 1 209.75835109373088 9000.0 9000.0
0 2 4.521429426931183 0.1 0.05
1 2 4.869838212199892 0.5 0.25
2 2 5.274672465521341 1.0 0.5
3 2 7.739652301326195 5.0 2.5
4 2 31.442931912747586 150.0 75.0
5 2 10.050706417076364 10.0 5.0
6 2 13.506285856428551 20.0 10.0
7 2 15.992332842969184 30.0 15.0
8 2 18.029809678462044 40.0 20.0
9 2 19.799112773061765 50.0 25.0
10 2 21.452125195599667 60.0 30.0
11 2 22.894448862819527 70.0 35.0
12 2 24.15584143313499 80.0 40.0
13 2 25.37280818733734 90.0 45.0
14 2 26.52104847505207 100.0 50.0
15 2 35.434898257793776 200.0 100.0
16 2 42.02689596283563 300.0 150.0
17 2 47.05501377290896 400.0 200.0
18 2 51.63320869909791 500.0 250.0
19 2 55.511614477697925 600.0 300.0
20 2 59.059675012789 700.0 350.0
21 2 62.34255309599218 800.0 400.0
22 2 65.34424754872485 900.0 450.0
23 2 68.2393397547397 1000.0 500.0
24 2 89.7654044894367 2000.0 1000.0
25 2 105.46316682123972 3000.0 1500.0
26 2 117.68908735171946 4000.0 2000.0
27 2 128.27652563368306 5000.0 2500.0
28 2 137.92035268222062 6000.0 3000.0
29 2 146.30384667796486 7000.0 3500.0
30 2 153.83282747193266 8000.0 4000.0
31 2 161.61165728164457 9000.0 4500.0
32 2 4.436421625716446 0.01 0.005
33 2 4.425333651644934 0.001 0.0005
0 3 4.058444909590389 0.1 0.03333333333333333
1 3 4.307554727063271 0.5 0.16666666666666666
2 3 4.601262840245947 1.0 0.3333333333333333
3 3 6.567037443409856 5.0 1.6666666666666667
4 3 26.51375357371072 150.0 50.0
5 3 8.40542354446342 10.0 3.3333333333333335
6 3 11.277529148231151 20.0 6.666666666666667
7 3 13.36585543281588 30.0 10.0
8 3 15.169627342812518 40.0 13.333333333333334
9 3 16.631694995862404 50.0 16.666666666666668
10 3 17.994303521490885 60.0 20.0
11 3 19.23139125264164 70.0 23.333333333333332
12 3 20.30962034727299 80.0 26.666666666666668
13 3 21.35487134302148 90.0 30.0
14 3 22.34209034647401 100.0 33.333333333333336
15 3 29.90931725900576 200.0 66.66666666666667
16 3 35.46224859383679 300.0 100.0
17 3 39.89886733909238 400.0 133.33333333333334
18 3 43.71816928790289 500.0 166.66666666666666
19 3 47.15809497186029 600.0 200.0
20 3 50.16282752948867 700.0 233.33333333333334
21 3 53.002805112385545 800.0 266.6666666666667
22 3 55.48308314921658 900.0 300.0
23 3 57.95121763684451 1000.0 333.3333333333333
24 3 76.42999663342113 2000.0 666.6666666666666
25 3 89.96981745143026 3000.0 1000.0
26 3 100.65487918510784 4000.0 1333.3333333333333
27 3 109.80107795731668 5000.0 1666.6666666666667
28 3 117.86097558977 6000.0 2000.0
29 3 125.02484171753451 7000.0 2333.3333333333335
30 3 131.87863881037555 8000.0 2666.6666666666665
31 3 138.06252514975955 9000.0 3000.0
0 4 3.8130310834746712 0.1 0.025
1 4 3.995366657094775 0.5 0.125
2 4 4.225750118358031 1.0 0.25
3 4 5.871451869991456 5.0 1.25
4 4 23.478292297539603 150.0 37.5
5 4 7.424261038848152 10.0 2.5
6 4 9.946898339824806 20.0 5.0
7 4 11.806228391902373 30.0 7.5
8 4 13.371702491142916 40.0 10.0
9 4 14.65817852280234 50.0 12.5
10 4 15.890062051722785 60.0 15.0
11 4 17.001609522841388 70.0 17.5
12 4 17.941943643931058 80.0 20.0
13 4 18.874146584035078 90.0 22.5
14 4 19.75859731580453 100.0 25.0
15 4 26.519400802105046 200.0 50.0
16 4 31.442488393784718 300.0 75.0
17 4 35.48037619944656 400.0 100.0
18 4 38.868671348138605 500.0 125.0
19 4 41.90630808482268 600.0 150.0
20 4 44.67110673952061 700.0 175.0
21 4 47.14380134128501 800.0 200.0
22 4 49.523085921482846 900.0 225.0
23 4 51.55418840388173 1000.0 250.0
24 4 68.18791126700187 2000.0 500.0
25 4 80.21353370586563 3000.0 750.0
26 4 89.97922990941986 4000.0 1000.0
27 4 98.16868435891284 5000.0 1250.0
28 4 105.33353608437288 6000.0 1500.0
29 4 111.88221677070884 7000.0 1750.0
30 4 117.8900507217797 8000.0 2000.0
31 4 123.46828727743592 9000.0 2250.0
0 5 3.6654378286119274 0.1 0.02
1 5 3.797261520350754 0.5 0.1
2 5 3.984525082447135 1.0 0.2
3 5 5.398611375698216 5.0 1.0
4 5 21.32453957395042 150.0 30.0
5 5 6.773027361715781 10.0 2.0
6 5 9.008362934528838 20.0 4.0
7 5 10.688314206071992 30.0 6.0
8 5 12.074658388196235 40.0 8.0
9 5 13.366675942897173 50.0 10.0
10 5 14.434250726442931 60.0 12.0
11 5 15.370125017961737 70.0 14.0
12 5 16.28419542446751 80.0 16.0
13 5 17.15947763367696 90.0 18.0
14 5 18.030647436503006 100.0 20.0
15 5 24.113657851778555 200.0 40.0
16 5 28.63846295081595 300.0 60.0
17 5 32.29633582431801 400.0 80.0
18 5 35.496931776732424 500.0 100.0
19 5 38.223708536342215 600.0 120.0
20 5 40.81483255716719 700.0 140.0
21 5 43.00323815652288 800.0 160.0
22 5 45.17420508305784 900.0 180.0
23 5 47.11891253548595 1000.0 200.0
24 5 62.58907571951506 2000.0 400.0
25 5 73.38218360053365 3000.0 600.0
26 5 82.21661318179433 4000.0 800.0
27 5 89.98093006544414 5000.0 1000.0
28 5 96.49144348103164 6000.0 1200.0
29 5 102.59761544214535 7000.0 1400.0
30 5 108.02239443665248 8000.0 1600.0
31 5 113.41060775666588 9000.0 1800.0
0 10 3.328117017414674 0.1 0.01
1 10 3.418792005377117 0.5 0.05
2 10 3.484580651534688 1.0 0.1
3 10 4.234127698767599 5.0 0.5
4 10 15.809603030270974 150.0 15.0
5 10 5.157386339787281 10.0 1.0
6 10 6.689497957043899 20.0 2.0
7 10 7.862605613807865 30.0 3.0
8 10 8.984462190419185 40.0 4.0
9 10 9.80842186364304 50.0 5.0
10 10 10.605770399095324 60.0 6.0
11 10 11.402626135699975 70.0 7.0
12 10 12.027224035118431 80.0 8.0
13 10 12.657513761226838 90.0 9.0
14 10 13.237759764359277 100.0 10.0
15 10 17.902938615141778 200.0 20.0
16 10 21.324726837512586 300.0 30.0
17 10 24.139036992431084 400.0 40.0
18 10 26.60771281959313 500.0 50.0
19 10 28.638586150528045 600.0 60.0
20 10 30.579449771944443 700.0 70.0
21 10 32.39334377027123 800.0 80.0
22 10 33.928900051472795 900.0 90.0
23 10 35.58447749201246 1000.0 100.0
24 10 47.16107591208955 2000.0 200.0
25 10 55.57408412361672 3000.0 300.0
26 10 62.43586455778941 4000.0 400.0
27 10 68.30344795682683 5000.0 500.0
28 10 73.62328543673269 6000.0 600.0
29 10 78.25899491642751 7000.0 700.0
30 10 82.56241013317072 8000.0 800.0
31 10 86.30243306737012 9000.0 900.0
0 20 3.1955541274043933 0.1 0.005
1 20 3.259617977595226 0.5 0.025
2 20 3.284011520552529 1.0 0.05
3 20 3.5814156250923794 5.0 0.25
4 20 11.630274563358928 150.0 7.5
5 20 4.06066250440467 10.0 0.5
6 20 5.030244237100833 20.0 1.0
7 20 5.873915864229582 30.0 1.5
8 20 6.603750957557634 40.0 2.0
9 20 7.233547884818461 50.0 2.5
10 20 7.83550167718866 60.0 3.0
11 20 8.393842771544294 70.0 3.5
12 20 8.896990394966288 80.0 4.0
13 20 9.33390585326788 90.0 4.5
14 20 9.772940346614265 100.0 5.0
15 20 13.228815465275025 200.0 10.0
16 20 15.826252239337878 300.0 15.0
17 20 17.917599380858533 400.0 20.0
18 20 19.745439586573024 500.0 25.0
19 20 21.401440834121757 600.0 30.0
20 20 22.90669491418293 700.0 35.0
21 20 24.150938084601155 800.0 40.0
22 20 25.436428518565336 900.0 45.0
23 20 26.85481201776772 1000.0 50.0
24 20 35.54141672870725 2000.0 100.0
25 20 41.97099778954988 3000.0 150.0
26 20 47.1643453860441 4000.0 200.0
27 20 55.66175303860866 6000.0 300.0
28 20 59.18896079046261 7000.0 350.0
29 20 62.44663221260994 8000.0 400.0
30 20 65.57321914128954 9000.0 450.0
0 30 3.1699285873280547 0.1 0.0033333333333333335
1 30 3.1834805556376646 0.5 0.016666666666666666
2 30 3.218715673242633 1.0 0.03333333333333333
3 30 3.380107295838778 5.0 0.16666666666666666
4 30 9.764562766204673 150.0 5.0
5 30 3.671351414783369 10.0 0.3333333333333333
6 30 4.338108255615834 20.0 0.6666666666666666
7 30 4.99032753044349 30.0 1.0
8 30 5.589817328575574 40.0 1.3333333333333333
9 30 6.110212911664279 50.0 1.6666666666666667
10 30 6.611142940272021 60.0 2.0
11 30 7.03347155268397 70.0 2.3333333333333335
12 30 7.46319214781029 80.0 2.6666666666666665
13 30 7.869011998826941 90.0 3.0
14 30 8.231711950676683 100.0 3.3333333333333335
15 30 11.092902059969624 200.0 6.666666666666667
16 30 13.257225318840344 300.0 10.0
17 30 15.012303774703454 400.0 13.333333333333334
18 30 16.593697740716518 500.0 16.666666666666668
19 30 17.89138987414776 600.0 20.0
20 30 19.215089466762304 700.0 23.333333333333332
21 30 20.36107840294167 800.0 26.666666666666668
22 30 21.331931556664816 900.0 30.0
23 30 22.337536885121985 1000.0 33.333333333333336
24 30 29.97448990660376 2000.0 66.66666666666667
25 30 35.60298208874066 3000.0 100.0
26 30 39.96036986727271 4000.0 133.33333333333334
27 30 43.80373641580974 5000.0 166.66666666666666
28 30 47.216575411107584 6000.0 200.0
29 30 50.30528853075289 7000.0 233.33333333333334
30 30 53.08520354370217 8000.0 266.6666666666667
31 30 55.57053597191384 9000.0 300.0
0 40 3.1672181936661388 0.1 0.0025
1 40 3.176827771194741 0.5 0.0125
2 40 3.178059768313832 1.0 0.025
3 40 3.291157103843034 5.0 0.125
4 40 8.616587850669406 150.0 3.75
5 40 3.488276642891821 10.0 0.25
6 40 3.966045125661275 20.0 0.5
7 40 4.477323930069025 30.0 0.75
8 40 4.997965912581632 40.0 1.0
9 40 5.436803286388932 50.0 1.25
10 40 5.848536723577048 60.0 1.5
11 40 6.22331024719351 70.0 1.75
12 40 6.597098173114753 80.0 2.0
13 40 6.903865455759401 90.0 2.25
14 40 7.26163741913291 100.0 2.5
15 40 9.744949372069344 200.0 5.0
16 40 11.681550283454028 300.0 7.5
17 40 13.220388604980604 400.0 10.0
18 40 14.61077127366111 500.0 12.5
19 40 15.845183107069277 600.0 15.0
20 40 16.944333976776417 700.0 17.5
21 40 17.945688915172983 800.0 20.0
22 40 19.024874039568715 900.0 22.5
23 40 19.794768751219976 1000.0 25.0
24 40 26.63343445544476 2000.0 50.0
25 40 31.59988834571517 3000.0 75.0
26 40 35.56354339696553 4000.0 100.0
27 40 38.908841846202506 5000.0 125.0
28 40 41.984532509899815 6000.0 150.0
29 40 44.68474001964007 7000.0 175.0
30 40 47.17266456979024 8000.0 200.0
31 40 49.510876830033006 9000.0 225.0
0 50 3.1595798115279976 0.1 0.002
1 50 3.159333412104152 0.5 0.01
2 50 3.1736245786852373 1.0 0.02
3 50 3.241630819657056 5.0 0.1
4 50 7.833037682950541 150.0 3.0
5 50 3.3855280831626384 10.0 0.2
6 50 3.746996037893349 20.0 0.4
7 50 4.152323090062387 30.0 0.6
8 50 4.560853334740965 40.0 0.8
9 50 4.985892340814856 50.0 1.0
10 50 5.340707511102679 60.0 1.2
11 50 5.673839532095058 70.0 1.4
12 50 5.982824409554015 80.0 1.6
13 50 6.290823689317726 90.0 1.8
14 50 6.61804212413868 100.0 2.0
15 50 8.807547404122907 200.0 4.0
16 50 10.55052764827697 300.0 6.0
17 50 12.067732100392922 400.0 8.0
18 50 13.233299934788382 500.0 10.0
19 50 14.338081031329514 600.0 12.0
20 50 15.35292633817973 700.0 14.0
21 50 16.29348714673942 800.0 16.0
22 50 17.15280020929168 900.0 18.0
23 50 17.92385792622333 1000.0 20.0
24 50 24.19366374468997 2000.0 40.0
25 50 28.767411161278943 3000.0 60.0
26 50 32.38743018409976 4000.0 80.0
27 50 35.475950865794914 5000.0 100.0
28 50 38.4239450281022 6000.0 120.0
29 50 40.796007641188105 7000.0 140.0
30 50 43.081759000106985 8000.0 160.0
31 50 45.27476068791509 9000.0 180.0
0 60 3.1593334121041794 0.1 0.0016666666666666668
1 60 3.165493397699467 0.5 0.008333333333333333
2 60 3.14923103572794 1.0 0.016666666666666666
3 60 3.215512480733081 5.0 0.08333333333333333
4 60 7.262130217980597 150.0 2.5
5 60 3.3199858364289248 10.0 0.16666666666666666
6 60 3.604577170930592 20.0 0.3333333333333333
7 60 3.9330276028706135 30.0 0.5
8 60 4.278233195629771 40.0 0.6666666666666666
9 60 4.649803526736694 50.0 0.8333333333333334
10 60 5.001415504514956 60.0 1.0
11 60 5.278861255726092 70.0 1.1666666666666667
12 60 5.578236555656429 80.0 1.3333333333333333
13 60 5.874408663077205 90.0 1.5
14 60 6.107256118578559 100.0 1.6666666666666667
15 60 8.142268959833299 200.0 3.3333333333333335
16 60 9.68487719254422 300.0 5.0
17 60 11.076639697998075 400.0 6.666666666666667
18 60 12.377135856872346 500.0 8.333333333333334
19 60 13.64042570275115 600.0 10.0
20 60 14.13236215238974 700.0 11.666666666666666
21 60 14.995696453538594 800.0 13.333333333333334
22 60 15.812842443495818 900.0 15.0
23 60 16.57882507149523 1000.0 16.666666666666668
24 60 22.377441271808173 2000.0 33.333333333333336
25 60 26.5929781340494 3000.0 50.0
26 60 29.97892509623236 4000.0 66.66666666666667
27 60 33.07481065670521 5000.0 83.33333333333333
28 60 35.472693465412135 6000.0 100.0
29 60 37.81607764956055 7000.0 116.66666666666667
30 60 39.98286096027875 8000.0 133.33333333333334
31 60 41.97110620529635 9000.0 150.0
32 60 43.80946495601391 10000.0 166.66666666666666
0 80 3.125576691042092 0.1 0.00125
1 80 3.1378966622326594 0.5 0.00625
2 80 3.1420854524374087 1.0 0.0125
3 80 3.214773282461626 5.0 0.0625
4 80 6.435706550518573 150.0 1.875
5 80 3.252718793728539 10.0 0.125
6 80 3.438996758129595 20.0 0.25
7 80 3.6646986303404727 30.0 0.375
8 80 3.915779643203869 40.0 0.5
9 80 4.17499183705299 50.0 0.625
10 80 4.4425816113116765 60.0 0.75
11 80 4.730868937170506 70.0 0.875
12 80 4.994269921224436 80.0 1.0
13 80 5.228102974421034 90.0 1.125
14 80 5.44444166852706 100.0 1.25
15 80 7.224184706713646 200.0 2.5
16 80 8.583077529031119 300.0 3.75
17 80 9.733023639956878 400.0 5.0
18 80 10.740008805187529 500.0 6.25
19 80 11.670955108230103 600.0 7.5
20 80 12.533402371453253 700.0 8.75
21 80 13.26466658143944 800.0 10.0
22 80 14.057333527839294 900.0 11.25
23 80 14.644996153628457 1000.0 12.5
24 80 19.8981579494512 2000.0 25.0
25 80 23.54361278479189 3000.0 37.5
26 80 26.551385911309943 4000.0 50.0
27 80 29.14934998013985 5000.0 62.5
28 80 31.48830883063661 6000.0 75.0
29 80 33.6904642570394 7000.0 87.5
30 80 35.48721624745156 8000.0 100.0
31 80 37.25081273139581 9000.0 112.5
32 80 38.91075390573128 10000.0 125.0
0 100 3.1258230904658824 0.1 0.001
1 100 3.142578251285017 0.5 0.005
2 100 3.1149815158182164 1.0 0.01
3 100 3.176827771194769 5.0 0.05
4 100 3.204917305509233 10.0 0.1
5 100 3.34659697420053 20.0 0.2
6 100 3.5158733783586382 30.0 0.3
7 100 3.702151342759722 40.0 0.4
8 100 3.905430867403813 50.0 0.5
9 100 4.114131179371682 60.0 0.6
10 100 4.323324290187174 70.0 0.7
11 100 4.540155783140821 80.0 0.8
12 100 4.792961591970863 90.0 0.9
13 100 4.995748317767276 100.0 1.0
14 100 5.873423065381946 150.0 1.5
15 100 6.657466031948439 200.0 2.0
16 100 7.853488835126848 300.0 3.0
17 100 8.853131297527938 400.0 4.0
18 100 9.706905301032911 500.0 5.0
19 100 10.560925703961722 600.0 6.0
20 100 11.355071046904497 700.0 7.0
21 100 12.079978151756317 800.0 8.0
22 100 12.668872774664525 900.0 9.0
23 100 13.28186526122144 1000.0 10.0
24 100 17.921598443506984 2000.0 20.0
25 100 21.394566290197567 3000.0 30.0
26 100 24.14480273894826 4000.0 40.0
27 100 26.59435797082258 5000.0 50.0
28 100 28.762919299782872 6000.0 60.0
29 100 30.57940147765737 7000.0 70.0
30 100 32.35815546855679 8000.0 80.0
31 100 33.95687131406382 9000.0 90.0
0 120 3.119416705446832 0.1 0.0008333333333333334
1 120 3.1258230904658824 0.5 0.004166666666666667
2 120 3.149477435151752 1.0 0.008333333333333333
3 120 3.1716533832947267 5.0 0.041666666666666664
4 120 5.428425705979339 150.0 1.25
5 120 3.2187156732426336 10.0 0.08333333333333333
6 120 3.287953911333509 20.0 0.16666666666666666
7 120 3.4215023990390607 30.0 0.25
8 120 3.5683564556303784 40.0 0.3333333333333333
9 120 3.7304872764979775 50.0 0.4166666666666667
10 120 3.899024482384709 60.0 0.5
11 120 4.072982475595245 70.0 0.5833333333333334
12 120 4.24866526477248 80.0 0.6666666666666666
13 120 4.43050803954495 90.0 0.75
14 120 4.6145684091317385 100.0 0.8333333333333334
15 120 6.141998437335898 200.0 1.6666666666666667
16 120 7.209154341861184 300.0 2.5
17 120 8.154096132176234 400.0 3.3333333333333335
18 120 8.959575848614268 500.0 4.166666666666667
19 120 9.752242795014142 600.0 5.0
20 120 10.443885977651512 700.0 5.833333333333333
21 120 11.022431824759648 800.0 6.666666666666667
22 120 11.658117698249573 900.0 7.5
23 120 12.271652263538863 1000.0 8.333333333333334
24 120 16.65386601601686 2000.0 16.666666666666668
25 120 19.80534322889225 3000.0 25.0
26 120 22.53726825806323 4000.0 33.333333333333336
27 120 24.82144019667555 5000.0 41.666666666666664
28 120 26.745745776812207 6000.0 50.0
29 120 28.32497389188974 7000.0 58.333333333333336
30 120 29.96644447261749 8000.0 66.66666666666667
31 120 31.519365014013747 9000.0 75.0
32 120 32.882523010357374 10000.0 83.33333333333333
0 150 3.1319830760611422 0.1 0.0006666666666666668
1 150 3.134693469723106 0.5 0.0033333333333333335
2 150 3.1268086881611272 1.0 0.006666666666666667
3 150 3.180030963704342 5.0 0.03333333333333333
4 150 4.951642820905119 150.0 1.0
5 150 3.1889013429614974 10.0 0.06666666666666667
6 150 3.237688428876076 20.0 0.13333333333333333
7 150 3.3330450058908987 30.0 0.2
8 150 3.4407215540963443 40.0 0.26666666666666666
9 150 3.5604716740684585 50.0 0.3333333333333333
10 150 3.688352975026322 60.0 0.4
11 150 3.824611856393791 70.0 0.4666666666666667
12 150 3.9635811314231497 80.0 0.5333333333333333
13 150 4.10328960472399 90.0 0.6
14 150 4.240534083786703 100.0 0.6666666666666666
15 150 5.599919704951764 200.0 1.3333333333333333
16 150 6.539194308519167 300.0 2.0
17 150 7.399621096467057 400.0 2.6666666666666665
18 150 8.153603333328602 500.0 3.3333333333333335
19 150 8.79806102630618 600.0 4.0
20 150 9.513728152765127 700.0 4.666666666666667
21 150 10.039298123753907 800.0 5.333333333333333
22 150 10.524704988661524 900.0 6.0
23 150 11.025142218421577 1000.0 6.666666666666667
24 150 15.127495505335178 2000.0 13.333333333333334
25 150 18.01368037217938 3000.0 20.0
26 150 20.44104979993376 4000.0 26.666666666666668
27 150 22.361757948482605 5000.0 33.333333333333336
28 150 24.159709904088825 6000.0 40.0
29 150 25.82852392167589 7000.0 46.666666666666664
30 150 27.45702699352714 8000.0 53.333333333333336
31 150 28.65825621653069 9000.0 60.0
32 150 29.95459561712526 10000.0 66.66666666666667
0 180 3.1361718662659395 0.1 0.0005555555555555556
1 180 3.1334614726040506 0.5 0.002777777777777778
2 180 3.100443949813335 1.0 0.005555555555555556
3 180 3.0974871567275994 5.0 0.027777777777777776
4 180 4.641425946327125 150.0 0.8333333333333334
5 180 3.2019605124234984 10.0 0.05555555555555555
6 180 3.3111154571717485 20.0 0.1111111111111111
7 180 3.277358736109633 30.0 0.16666666666666666
8 180 3.3628593361720616 40.0 0.2222222222222222
9 180 3.4547663212535404 50.0 0.2777777777777778
10 180 3.5555436855922498 60.0 0.3333333333333333
11 180 3.6624810355261648 70.0 0.3888888888888889
12 180 3.774839172783968 80.0 0.4444444444444444
13 180 3.889661304279922 90.0 0.5
14 180 4.006701030590077 100.0 0.5555555555555556
15 180 5.17118470752074 200.0 1.1111111111111112
16 180 6.089268960640348 300.0 1.6666666666666667
17 180 6.8380768096019136 400.0 2.2222222222222223
18 180 7.50483365043435 500.0 2.7777777777777777
19 180 8.138080169628523 600.0 3.3333333333333335
20 180 8.720568407517643 700.0 3.888888888888889
21 180 9.303795843678191 800.0 4.444444444444445
22 180 9.784521119533382 900.0 5.0
23 180 10.190267050722891 1000.0 5.555555555555555
24 180 13.916861216324673 2000.0 11.11111111111111
25 180 16.594565066688276 3000.0 16.666666666666668
26 180 18.745324037278227 4000.0 22.22222222222222
27 180 21.01688525337997 5000.0 27.77777777777778
28 180 22.49700659221244 6000.0 33.333333333333336
29 180 23.89973387202588 7000.0 38.888888888888886
30 180 25.31418976441271 8000.0 44.44444444444444
31 180 26.543641577419564 9000.0 50.0
32 180 27.779588479238075 10000.0 55.55555555555556
0 200 3.107343133680076 0.1 0.0005
1 200 3.129519081823092 0.5 0.0025
2 200 3.1302582800945187 1.0 0.005
3 200 3.110546326189601 5.0 0.025
4 200 4.437653622835495 150.0 0.75
5 200 3.115474314665825 10.0 0.05
6 200 3.18668374814719 20.0 0.1
7 200 3.2522259948809307 30.0 0.15
8 200 3.325653023176576 40.0 0.2
9 200 3.404747238219937 50.0 0.25
10 200 3.4924654330966347 60.0 0.3
11 200 3.5846188176019043 70.0 0.35
12 200 3.680960992311972 80.0 0.4
13 200 3.784695149736391 90.0 0.45
14 200 3.888182907737042 100.0 0.5
15 200 4.936858855476472 200.0 1.0
16 200 5.836709551234122 300.0 1.5
17 200 6.533034322923908 400.0 2.0
18 200 7.160613655370423 500.0 2.5
19 200 7.787207390121702 600.0 3.0
20 200 8.341852493120184 700.0 3.5
21 200 8.817896179922968 800.0 4.0
22 200 9.343219751487943 900.0 4.5
23 200 9.68817894482329 1000.0 5.0
24 200 13.247418621772669 2000.0 10.0
25 200 16.043337523698057 3000.0 15.0
26 200 18.16969063135953 4000.0 20.0
27 200 19.80235785347336 5000.0 25.0
28 200 21.569041722197973 6000.0 30.0
0 300 3.1132567198515453 0.1 0.0003333333333333334
1 300 3.107096734256257 0.5 0.0016666666666666668
2 300 3.1147351163944257 1.0 0.0033333333333333335
3 300 3.1307510789421067 5.0 0.016666666666666666
4 300 3.883747718108427 150.0 0.5
5 300 3.1075895331038934 10.0 0.03333333333333333
6 300 3.170174986751866 20.0 0.06666666666666667
7 300 3.206642101475905 30.0 0.1
8 300 3.220686868633124 40.0 0.13333333333333333
9 300 3.2613427735619247 50.0 0.16666666666666666
10 300 3.322696230090868 60.0 0.2
11 300 3.3704977183102023 70.0 0.23333333333333334
12 300 3.423719993853369 80.0 0.26666666666666666
13 300 3.483348654415613 90.0 0.3
14 300 3.54470211094453 100.0 0.3333333333333333
15 300 4.23141730510571 200.0 0.6666666666666666
16 300 4.9247852837097446 300.0 1.0
17 300 5.562959791380159 400.0 1.3333333333333333
18 300 6.07029620500691 500.0 1.6666666666666667
19 300 6.52933833156673 600.0 2.0
20 300 7.046530722145952 700.0 2.3333333333333335
21 300 7.469105733981749 800.0 2.6666666666666665
22 300 7.903015119312879 900.0 3.0
23 300 8.211999996771771 1000.0 3.3333333333333335
24 300 11.18727303928929 2000.0 6.666666666666667
25 300 13.20429872260583 3000.0 10.0
26 300 15.141515632549924 4000.0 13.333333333333334
27 300 16.6637219929693 5000.0 16.666666666666668
28 300 17.935340139372922 6000.0 20.0
29 300 19.213882109585636 7000.0 23.333333333333332
30 300 20.323936153796407 8000.0 26.666666666666668
31 300 21.37224250240015 9000.0 30.0
0 400 3.114981515818244 0.1 0.00025
1 400 3.1179383089039234 0.5 0.00125
2 400 3.1125175215800907 1.0 0.0025
3 400 3.109560728494356 5.0 0.0125
4 400 3.619853935206901 150.0 0.375
5 400 3.118923906599196 10.0 0.025
6 400 3.1174455100563145 20.0 0.05
7 400 3.131243877789763 30.0 0.075
8 400 3.207134900323486 50.0 0.125
9 400 3.2716915493620093 70.0 0.175
10 400 3.238427627147503 60.0 0.15
11 400 3.3140722502574835 80.0 0.2
12 400 3.348568169591009 90.0 0.225
13 400 3.3966160572341497 100.0 0.25
14 400 3.880790925022745 200.0 0.5
15 400 4.410796085640065 300.0 0.75
16 400 4.9358732577812265 400.0 1.0
17 400 5.364361855788511 500.0 1.25
18 400 5.843855134524628 600.0 1.5
19 400 6.186350333621862 700.0 1.75
20 400 6.508887179390464 800.0 2.0
21 400 6.886124697245053 900.0 2.25
22 400 7.157410462860884 1000.0 2.5
23 400 9.814828248662298 2000.0 5.0
24 400 11.67046230938246 3000.0 7.5
25 400 13.21676653345058 4000.0 10.0
26 400 14.653398373980409 5000.0 12.5
27 400 15.86621576188578 6000.0 15.0
28 400 17.176331354265628 7000.0 17.5
29 400 18.004947976599627 8000.0 20.0
30 400 18.95545839389269 9000.0 22.5
0 500 3.1157207140896155 0.1 0.0002
1 500 3.114242317546762 0.5 0.001
2 500 3.107589533103904 1.0 0.002
3 500 3.125576691042092 5.0 0.01
4 500 3.4801454619060603 150.0 0.3
5 500 3.115967113513461 10.0 0.02
6 500 3.1447958460993526 20.0 0.04
7 500 3.177813368889996 30.0 0.06
8 500 3.19973306163223 40.0 0.08
9 500 3.172885380413762 50.0 0.1
10 500 3.213541285342591 60.0 0.12
11 500 3.2229044634474038 70.0 0.14
12 500 3.247544405828497 80.0 0.16
13 500 3.2771123366858426 90.0 0.18
14 500 3.3086514629336228 100.0 0.2
15 500 3.6674090240024166 200.0 0.4
16 500 4.0857952456334 300.0 0.6
17 500 4.51822623442163 400.0 0.8
18 500 4.903102134414369 500.0 1.0
19 500 5.289456430949966 600.0 1.2
20 500 5.616428466347144 700.0 1.4
21 500 5.9461108954061785 800.0 1.6
22 500 6.2590381636461005 900.0 1.8
23 500 6.56186305550977 1000.0 2.0
24 500 8.8344049413183 2000.0 4.0
25 500 10.56634649128556 3000.0 6.0
26 500 11.983709896873398 4000.0 8.0
27 500 13.22043788486545 5000.0 10.0
28 500 14.399976566590832 6000.0 12.0
29 500 15.362067756803114 7000.0 14.0
30 500 16.298089887976204 8000.0 16.0
31 500 17.21124615261964 9000.0 18.0
0 600 3.1125175215800907 0.1 0.0001666666666666667
1 600 3.11103912503721 0.5 0.0008333333333333334
2 600 3.111285524461055 1.0 0.0016666666666666668
3 600 3.133461472604022 5.0 0.008333333333333333
4 600 3.397601654929367 150.0 0.25
5 600 3.1240982944992104 10.0 0.016666666666666666
6 600 3.13641826568973 20.0 0.03333333333333333
7 600 3.1351862685706946 30.0 0.05
8 600 3.201467713575832 40.0 0.06666666666666667
9 600 3.2349780352141595 50.0 0.08333333333333333
10 600 3.2172372766997803 60.0 0.1
11 600 3.309144261781259 70.0 0.11666666666666667
12 600 3.243602015047545 80.0 0.13333333333333333
13 600 3.381832091805499 90.0 0.15
14 600 3.3574385488482013 100.0 0.16666666666666666
15 600 3.5363245305349733 200.0 0.3333333333333333
16 600 3.881283723870329 300.0 0.5
17 600 4.230185307986633 400.0 0.6666666666666666
18 600 4.600030843126883 500.0 0.8333333333333334
19 600 4.903841332685796 600.0 1.0
20 600 5.243379738697337 700.0 1.1666666666666667
21 600 5.478198389589161 800.0 1.3333333333333333
22 600 5.754165744257444 900.0 1.5
23 600 6.036293084520999 1000.0 1.6666666666666667
24 600 8.11664341975697 2000.0 3.3333333333333335
25 600 9.746082809418866 3000.0 5.0
26 600 11.018070554958207 4000.0 6.666666666666667
27 600 12.418383120418316 5000.0 8.333333333333334
28 600 13.308303919396437 6000.0 10.0
29 600 14.197313040506312 7000.0 11.666666666666666
30 600 15.054240956636084 8000.0 13.333333333333334
31 600 15.825855536265545 9000.0 15.0
32 600 16.604356979790523 10000.0 16.666666666666668
0 800 3.1063575359848032 0.1 0.000125
1 800 3.1125175215800907 0.5 0.000625
2 800 3.125083892194428 1.0 0.00125
3 800 3.1036471423229144 5.0 0.00625
4 800 3.4638830999345074 150.0 0.1875
5 800 3.1221270991087207 10.0 0.0125
6 800 3.12804068528019 20.0 0.025
7 800 3.138143061656429 30.0 0.0375
8 800 3.146767041489815 40.0 0.05
9 800 3.212309288223528 50.0 0.0625
10 800 3.4146032151723427 60.0 0.075
11 800 3.186190949299581 70.0 0.0875
12 800 3.362859336172034 80.0 0.1
13 800 3.3936592641484147 90.0 0.1125
14 800 3.268734756276248 100.0 0.125
15 800 3.401051246862738 200.0 0.25
16 800 3.617636340392593 300.0 0.375
17 800 3.879312528479811 400.0 0.5
18 800 4.1370463257861045 500.0 0.625
19 800 4.406114496587646 600.0 0.75
20 800 4.651281923279561 700.0 0.875
21 800 4.915668505028721 800.0 1.0
22 800 5.1248616158442415 900.0 1.125
23 800 5.324198749707313 1000.0 1.25
24 800 7.201269560299234 2000.0 2.5
25 800 8.567800764754894 3000.0 3.75
26 800 9.700745315437656 4000.0 5.0
27 800 10.745774551704692 5000.0 6.25
28 800 11.68504915527212 6000.0 7.5
29 800 12.60118685294365 7000.0 8.75
30 800 13.647563894058996 8000.0 10.0
31 800 13.99230871989559 9000.0 11.25
32 800 14.658548121938056 10000.0 12.5
0 1 5.664722753414378 0.1 0.1
1 5 3.665437828611872 0.1 0.02
2 10 3.329595413957528 0.1 0.01
3 20 3.207874098594913 0.1 0.005
4 30 3.1694357884804187 0.1 0.0033333333333333335
5 40 3.1679573919375925 0.1 0.0025
6 50 3.1585942138327527 0.1 0.002
7 60 3.159826210951816 0.1 0.0016666666666666668
8 70 3.13617186626596 0.1 0.0014285714285714286
9 80 3.1204023031420696 0.1 0.00125
10 90 3.131243877789715 0.1 0.0011111111111111111
11 100 3.1176919094801536 0.1 0.001
12 110 3.1391286593517016 0.1 0.0009090909090909091
13 120 3.1290262829754623 0.1 0.0008333333333333334
14 130 3.141592653589793 0.1 0.0007692307692307692
15 140 3.216005279580717 0.1 0.0007142857142857143
16 150 3.1083287313753205 0.1 0.0006666666666666668
17 15 3.255429187390456 0.1 0.006666666666666667
18 160 3.2475444058284304 0.1 0.000625
19 170 3.1046327400182827 0.1 0.0005882352941176471
20 180 3.1218806996849997 0.1 0.0005555555555555556
21 190 3.110792725613596 0.1 0.0005263157894736842
22 200 3.1194167054468185 0.1 0.0005
23 250 3.1268086881612227 0.1 0.0004
24 300 3.134200670875628 0.1 0.0003333333333333334
25 350 3.121880699684861 0.1 0.00028571428571428574
26 400 3.119416705446817 0.1 0.00025
27 500 3.126808688161314 0.1 0.0002
28 600 3.1329686737564995 0.1 0.0001666666666666667
29 700 3.1194167054469526 0.1 0.00014285714285714287
30 800 3.1415926535898446 0.1 0.000125
31 900 3.126808688161066 0.1 0.00011111111111111112
32 1000 3.1181847083278638 0.1 0.0001
0 1 6.827728033801666 1.0 1.0
1 5 3.9941346599760057 1.0 0.2
2 15 3.3498001667100232 1.0 0.06666666666666667
3 10 3.4988718181158136 1.0 0.1
4 30 3.2364564317571087 1.0 0.03333333333333333
5 40 3.206888500899634 1.0 0.025
6 50 3.25370439142357 1.0 0.02
7 60 3.2660243626143406 1.0 0.016666666666666666
8 70 3.1810165613994954 1.0 0.014285714285714285
9 80 3.171160584446968 1.0 0.0125
10 90 3.182248558518457 1.0 0.011111111111111112
11 100 3.2364564317570688 1.0 0.01
12 110 3.140360656470697 1.0 0.00909090909090909
13 120 3.141592653589715 1.0 0.008333333333333333
14 130 3.1305046795185105 1.0 0.007692307692307693
15 140 3.1243446939229584 1.0 0.007142857142857143
16 150 3.181016561399556 1.0 0.006666666666666667
17 160 3.182248558518591 1.0 0.00625
18 170 3.152680627661385 1.0 0.0058823529411764705
19 180 3.152187828813648 1.0 0.005555555555555556
20 190 3.1312438777897427 1.0 0.005263157894736842
21 200 3.135925466842149 1.0 0.005
22 250 3.140607055894582 1.0 0.004
23 300 3.123605495651602 1.0 0.0033333333333333335
24 350 3.147752639185028 1.0 0.002857142857142857
25 400 3.1539126247803253 1.0 0.0025
26 500 3.132968673756382 1.0 0.002
27 600 3.120648702565859 1.0 0.0016666666666666668
28 700 3.1231126968040908 1.0 0.0014285714285714286
29 800 3.1169527112087207 1.0 0.00125
30 900 3.1194167054468185 1.0 0.0011111111111111111
31 1000 3.1132567198515906 1.0 0.001
0 1 5.808127218072051 0.2 0.2
1 5 3.6903241704168392 0.2 0.04
2 15 3.2697203539714925 0.2 0.013333333333333334
3 10 3.390702471062708 0.2 0.02
4 30 3.1736245786852435 0.2 0.006666666666666667
5 40 3.1652469982756486 0.2 0.005
6 50 3.1652469982756486 0.2 0.004
7 60 3.1652469982756486 0.2 0.0033333333333333335
8 70 3.148738236880325 0.2 0.002857142857142857
9 80 3.1046327400181863 0.2 0.0025
10 90 3.1342006708754497 0.2 0.0022222222222222222
11 100 3.1356790674183306 0.2 0.002
12 110 3.143563848980289 0.2 0.0018181818181818182
13 120 3.115227915242007 0.2 0.0016666666666666668
14 130 3.137403863385002 0.2 0.0015384615384615385
15 140 3.127055087584945 0.2 0.0014285714285714286
16 160 3.1342006708754773 0.2 0.00125
17 170 3.115474314665853 0.2 0.0011764705882352942
18 180 3.1184311077515594 0.2 0.0011111111111111111
19 190 3.128287084704008 0.2 0.0010526315789473684
20 200 3.1282870847040085 0.2 0.001
21 250 3.111531923884873 0.2 0.0008
22 300 3.129765481246862 0.2 0.0006666666666666668
23 400 3.117445510056315 0.2 0.0005
24 500 3.1191703060230136 0.2 0.0004
25 600 3.11843110775158 0.2 0.0003333333333333334
26 700 3.1157207140896634 0.2 0.00028571428571428574
27 800 3.117938308903978 0.2 0.00025
28 900 3.1179383089039234 0.2 0.00022222222222222223
29 1000 3.1132567198515173 0.2 0.0002
0 1 5.946603694253801 0.3 0.3
1 5 3.7233416932074728 0.3 0.06
2 15 3.301505879643091 0.3 0.02
3 10 3.3990800514722483 0.3 0.03
4 30 3.1790453660090487 0.3 0.01
5 40 3.1728853804137893 0.3 0.0075
6 50 3.166478995394705 0.3 0.006
7 60 3.16450780000424 0.3 0.005
8 70 3.1561302195946546 0.3 0.004285714285714286
9 80 3.1270550875849725 0.3 0.00375
10 90 3.1337078720278613 0.3 0.003333333333333333
11 100 3.1189239065991683 0.3 0.003
12 110 3.136664665113596 0.3 0.002727272727272727
13 120 3.1194167054468247 0.3 0.0025
14 130 3.1369110645373937 0.3 0.0023076923076923075
15 140 3.120648702565868 0.3 0.002142857142857143
16 160 3.1213879008372944 0.3 0.001875
17 170 3.1135031192753626 0.3 0.001764705882352941
18 180 3.127301487008763 0.3 0.0016666666666666666
19 190 3.127055087584945 0.3 0.0015789473684210526
20 200 3.1371574639611843 0.3 0.0015
21 250 3.120895101989685 0.3 0.0012
22 300 3.123112696803966 0.3 0.001
23 400 3.1144887169705804 0.3 0.00075
24 500 3.1169527112087065 0.3 0.0006
25 600 3.1149815158181893 0.3 0.0005
26 700 3.115967113513461 0.3 0.00042857142857142855
27 800 3.111531923884846 0.3 0.000375
0 1 7.845604053564955 2.0 2.0
1 2 6.007464351935148 2.0 1.0
2 3 5.168967112706414 2.0 0.6666666666666666
3 5 4.354124218163569 2.0 0.4
4 15 3.4353007667724613 2.0 0.13333333333333333
5 10 3.665930627459536 2.0 0.2
6 20 3.3342770030099613 2.0 0.1
7 30 3.256414785085701 2.0 0.06666666666666667
8 40 3.235963632909405 2.0 0.05
9 50 3.205163704933024 2.0 0.04
10 60 3.1630294034613406 2.0 0.03333333333333333
11 70 3.1531734265088924 2.0 0.02857142857142857
12 80 3.1258230904658824 2.0 0.025
13 90 3.1260694898897 2.0 0.022222222222222223
14 100 3.124098294499238 2.0 0.02
15 110 3.1164599123610697 2.0 0.01818181818181818
16 120 3.1280406852802174 2.0 0.016666666666666666
17 130 3.135925466842149 2.0 0.015384615384615385
18 140 3.107343133680076 2.0 0.014285714285714285
19 150 3.1472598403374508 2.0 0.013333333333333334
20 160 3.1610582080708998 2.0 0.0125
21 170 3.0932983665228773 2.0 0.011764705882352941
22 180 3.1403606564707367 2.0 0.011111111111111112
23 190 3.096994357879991 2.0 0.010526315789473684
24 200 3.1014295475086064 2.0 0.01
25 250 3.121634300261112 2.0 0.008
26 300 3.147506239761241 2.0 0.006666666666666667
27 400 3.113749518699181 2.0 0.005
28 500 3.1135031192753626 2.0 0.004
29 600 3.1292726823992254 2.0 0.0033333333333333335
30 700 3.10808233195153 2.0 0.002857142857142857
31 800 3.1194167054468047 2.0 0.0025
32 900 3.1184311077515594 2.0 0.0022222222222222222
33 1000 3.122866297380148 2.0 0.002
34 500 3.1135031192753626 2.0 0.004
35 500 3.1131088801972497 2.0 0.004
0 1 8.782168263470437 3.0 3.0
1 5 4.721012960218116 3.0 0.6
2 15 3.551847694235061 3.0 0.2
3 10 3.849251798774885 3.0 0.3
4 20 3.407950430729452 3.0 0.15
5 30 3.284750718823956 3.0 0.1
6 40 3.230789245009335 3.0 0.075
7 50 3.204178107237779 3.0 0.06
8 60 3.222658064023558 3.0 0.05
9 70 3.177566969466195 3.0 0.04285714285714286
10 80 3.1507094322707943 3.0 0.0375
11 90 3.131243877789753 3.0 0.03333333333333333
12 100 3.130258280094498 3.0 0.03
13 110 3.1228662973801957 3.0 0.02727272727272727
14 120 3.1324758749088053 3.0 0.025
15 130 3.123112696803986 3.0 0.023076923076923078
16 140 3.113749518699126 3.0 0.02142857142857143
17 150 3.1179383089039434 3.0 0.02
18 160 3.1137495186991733 3.0 0.01875
19 170 3.126069489889673 3.0 0.01764705882352941
20 180 3.109067929646748 3.0 0.016666666666666666
21 190 3.119909504294413 3.0 0.015789473684210527
22 200 3.106850334832467 3.0 0.015
23 250 3.1194167054468047 3.0 0.012
24 300 3.1425782512850176 3.0 0.01
25 400 3.1186775071753505 3.0 0.0075
26 500 3.1213879008372665 3.0 0.006
27 600 3.10611113656104 3.0 0.005
28 700 3.1144887169705804 3.0 0.004285714285714286
29 800 3.1125175215800907 3.0 0.00375
30 900 3.1164599123610977 3.0 0.0033333333333333335
31 1000 3.1305046795182885 3.0 0.003
0 1 13.69069118520876 10.0 10.0
1 5 7.058481094200643 10.0 2.0
2 15 4.453669585383131 10.0 0.6666666666666666
3 10 5.208883819364026 10.0 1.0
4 20 4.063126498643009 10.0 0.5
5 30 3.672583411902599 10.0 0.3333333333333333
6 40 3.488523042315667 10.0 0.25
7 50 3.385281683738848 10.0 0.2
8 60 3.3199858364289248 10.0 0.16666666666666666
9 70 3.278837132652487 10.0 0.14285714285714285
10 80 3.247051606980888 10.0 0.125
11 90 3.224382859990284 10.0 0.1111111111111111
12 100 3.209598894561612 10.0 0.1
13 110 3.215758880156872 10.0 0.09090909090909091
14 120 3.198264521066358 10.0 0.08333333333333333
15 130 3.1763349723471257 10.0 0.07692307692307693
16 140 3.2160052795806897 10.0 0.07142857142857142
17 150 3.1990037193377363 10.0 0.06666666666666667
18 160 3.2647923654950834 10.0 0.0625
19 170 3.286968313638156 10.0 0.058823529411764705
20 180 3.256168385662321 10.0 0.05555555555555555
21 190 3.2290644490424403 10.0 0.05263157894736842
22 200 3.2253684576855197 10.0 0.05
23 250 3.197032523946945 10.0 0.04
24 300 3.094776763065833 10.0 0.03333333333333333
25 350 3.148984636304166 10.0 0.02857142857142857
26 400 3.147752639185025 10.0 0.025
27 500 3.1354326679945146 10.0 0.02
28 600 3.174856575804374 10.0 0.016666666666666666
29 700 3.131736676637368 10.0 0.014285714285714285
30 800 3.1268086881611685 10.0 0.0125
31 900 3.137896662232586 10.0 0.011111111111111112
32 1000 3.1600726103757 10.0 0.01
0 1 35.45453629187168 100.0 100.0
1 5 18.114053641463244 100.0 20.0
2 15 11.90848415278404 100.0 6.666666666666667
3 10 13.808223710366365 100.0 10.0
4 20 10.471359513406254 100.0 5.0
5 30 8.938139098742552 100.0 3.3333333333333335
6 40 7.590334250496845 100.0 2.5
7 50 6.8437439963498345 100.0 2.0
8 60 6.254849373441125 100.0 1.6666666666666667
9 70 5.835970352962677 100.0 1.4285714285714286
10 80 5.5008671365799495 100.0 1.25
11 90 5.320995557197681 100.0 1.1111111111111112
12 100 5.032708231338915 100.0 1.0
13 110 4.858996637552274 100.0 0.9090909090909091
14 120 4.636005159003219 100.0 0.8333333333333334
15 130 4.515269441335858 100.0 0.7692307692307693
16 140 4.3526458216206025 100.0 0.7142857142857143
17 150 4.26517402616759 100.0 0.6666666666666666
18 160 4.15737427825048 100.0 0.625
19 170 4.077910464071484 100.0 0.5882352941176471
20 180 4.008302626844934 100.0 0.5555555555555556
21 190 3.946702770892198 100.0 0.5263157894736842
22 200 3.890030903415621 100.0 0.5
23 250 3.6781273989381793 100.0 0.4
24 300 3.546919705758772 100.0 0.3333333333333333
25 350 3.4600639088654668 100.0 0.2857142857142857
26 400 3.394152062996123 100.0 0.25
27 500 3.3128402531384222 100.0 0.2
28 600 3.263560368376252 100.0 0.16666666666666666
29 700 3.250624398626211 100.0 0.14285714285714285
30 800 3.1970325239472634 100.0 0.125
31 900 3.392304067317457 100.0 0.1111111111111111
32 1000 3.325160224328956 100.0 0.1
0 1 89.92630331318553 1000.0 1000.0
1 5 48.07215798638344 1000.0 200.0
2 15 31.185543074635188 1000.0 66.66666666666667
3 10 37.85027788958563 1000.0 100.0
4 20 27.55484756477992 1000.0 50.0
5 30 22.474830644069023 1000.0 33.333333333333336
6 40 19.72878298552366 1000.0 25.0
7 50 17.918289299245437 1000.0 20.0
8 60 16.601284378975286 1000.0 16.666666666666668
9 70 15.865042900628133 1000.0 14.285714285714286
10 80 14.582287500268754 1000.0 12.5
11 90 14.031954387186511 1000.0 11.11111111111111
12 100 13.305568885792226 1000.0 10.0
13 110 12.65002321874316 1000.0 9.090909090909092
14 120 12.166833948649645 1000.0 8.333333333333334
15 130 12.285105672078704 1000.0 7.6923076923076925
16 140 11.800807604578656 1000.0 7.142857142857143
17 150 11.13240810092061 1000.0 6.666666666666667
18 160 10.898492914582548 1000.0 6.25
19 180 10.391895699227533 1000.0 5.555555555555555
20 170 10.885926543968187 1000.0 5.882352941176471
21 190 10.176789002240891 1000.0 5.2631578947368425
22 200 9.936056765177554 1000.0 5.0
23 220 9.7303132462948 1000.0 4.545454545454546
24 240 9.135871116359402 1000.0 4.166666666666667
25 260 8.806233273862585 1000.0 3.8461538461538463
26 280 8.614123856431126 1000.0 3.5714285714285716
27 300 8.436100272727726 1000.0 3.3333333333333335
28 350 7.894637538903095 1000.0 2.857142857142857
29 400 7.358718792114271 1000.0 2.5
30 450 6.920127817731252 1000.0 2.2222222222222223
31 500 6.625680506276687 1000.0 2.0
32 600 6.09961773644027 1000.0 1.6666666666666667
33 700 5.695522681390368 1000.0 1.4285714285714286
34 550 6.323841212108263 1000.0 1.8181818181818181
35 650 5.944386099439414 1000.0 1.5384615384615385
36 750 5.566162983889889 1000.0 1.3333333333333333
37 850 5.324691548554796 1000.0 1.1764705882352942
38 950 5.258163704125863 1000.0 1.0526315789473684
39 300 8.251916703428995 1000.0 3.3333333333333335
40 350 7.75418986733138 1000.0 2.857142857142857
41 400 7.26139101970894 1000.0 2.5
42 500 6.599808566776538 1000.0 2.0
43 600 6.123025681702375 1000.0 1.6666666666666667
44 700 5.726322609366672 1000.0 1.4285714285714286
45 800 5.413395341126787 1000.0 1.25
46 900 5.169459911553973 1000.0 1.1111111111111112
47 1000 4.956324409957437 1000.0 1.0
0 1 220.61643450280863 10000.0 10000.0
1 2 168.69718071260854 10000.0 5000.0
2 3 144.75399430219375 10000.0 3333.3333333333335
3 4 129.57665219342172 10000.0 2500.0
4 5 118.57399392242289 10000.0 2000.0
5 15 76.75600771106535 10000.0 666.6666666666666
6 10 90.30489602787074 10000.0 1000.0
7 20 68.6279190380724 10000.0 500.0
8 30 58.09513214830959 10000.0 333.3333333333333
9 40 51.87256109938791 10000.0 250.0
10 50 47.45152095770269 10000.0 200.0
11 60 43.826942313544464 10000.0 166.66666666666666
12 70 41.319088977996415 10000.0 142.85714285714286
13 80 38.923156420728674 10000.0 125.0
14 90 37.11379001181457 10000.0 111.11111111111111
15 100 35.47936103382049 10000.0 100.0
16 110 34.130508988023315 10000.0 90.9090909090909
17 120 32.90485665413163 10000.0 83.33333333333333
18 130 31.787312067436883 10000.0 76.92307692307692
19 140 31.197062247697787 10000.0 71.42857142857143
20 150 29.96099953815026 10000.0 66.66666666666667
21 160 29.15656701926341 10000.0 62.5
22 170 28.433138310954185 10000.0 58.8235294117647
23 180 27.99713453052064 10000.0 55.55555555555556
24 190 27.117236028106134 10000.0 52.63157894736842
25 200 26.8643131795502 10000.0 50.0
26 250 24.801580403116617 10000.0 40.0
27 350 20.971424559686955 10000.0 28.571428571428573
28 300 22.341601859616237 10000.0 33.333333333333336
29 400 19.859916758875656 10000.0 25.0
30 500 18.32651154464411 10000.0 20.0
31 600 16.727231444456528 10000.0 16.666666666666668
32 700 15.535292711727914 10000.0 14.285714285714286
33 800 15.667923361579875 10000.0 12.5
34 900 13.978239312796042 10000.0 11.11111111111111
35 1000 13.610488172758428 10000.0 10.0
